3,2
3,1
3,3
10,158
10,271
10,68
10,276
10,35
424,4
424,3
424,2
10,99
424,1
10,307
424,0
422,6
422,5
422,4
422,3
422,2
422,1
422,0
421,4
421,3
421,2
9,4
9,6
421,1
421,0
8,15
8,13
8,17
420,3
420,2
8,9
8,8
8,6
8,2
8,3
420,1
420,0
419,4
419,3
419,2
419,1
419,0
418,4
418,3
418,2
418,1
418,0
417,5
417,4
417,3
417,2
417,1
417,0
416,3
416,2
416,1
416,0
12,3
12,2
12,1
11,30
11,29
11,28
11,27
11,26
11,25
11,24
11,23
11,22
20,2
20,1
11,21
11,20
11,19
11,18
11,17
11,15
11,14
20,3
19,2
19,1
11,13
11,12
11,11
11,10
11,9
11,8
11,6
19,3
11,5
11,4
11,3
11,2
11,1
10,314
10,306
10,305
10,304
10,300
10,298
10,293
10,292
10,286
10,281
10,280
10,277
10,270
10,266
10,248
10,243
10,238
10,226
10,220
10,213
10,206
10,200
10,192
